Dataset/FaceData/processed\MinhTri\z7415264317922_43c59d8a98072211c6f073d3b31566bb.png 838 1145 928 1255
Dataset/FaceData/processed\MinhTri\z7415269385414_700205f94e8a2754480ddb883fd75951.png 433 570 1421 1879
Dataset/FaceData/processed\MinhTri\z7415269342694_519a2c8b02a108b31a389d1e55cb44eb.png 507 682 1403 1859
Dataset/FaceData/processed\MinhTri\z7415269390028_3c45028bdd8b5594d36398647ac73543.png 529 645 1497 1904
Dataset/FaceData/processed\MinhTri\z7415269357053_36e0b18e8edf5fa62b9e56681c0676bd.png 487 642 1429 1855
Dataset/FaceData/processed\MinhTri\z7415269356850_5ac43b0b41c19e4e6d57918be03ca2e5.png 487 575 1474 1876
Dataset/FaceData/processed\MinhTri\z7415264334011_d43b1506aebf479cada31ce0c9f4095d.png 664 585 1411 1592
Dataset/FaceData/processed\MinhTri\z7415269376915_71c4e2dd8d230e003707807359104b17.png 493 638 1457 1928
Dataset/FaceData/processed\MinhTri\z7415269349177_e46b4cae1bee00a774844da13c609163.png 557 710 1492 1902
Dataset/FaceData/processed\MinhTri\z7415269351659_bd566441bc484448a221427591f67e7f.png 518 682 1457 1884
Dataset/FaceData/processed\MinhTri\z7415269363577_ec5b541e53458bf0305f7a25e63ed28d.png 444 520 1451 1820
